Loading data ...
Training the model ...
-----------------------------------------------Epoch 100--------------------------------------------------
Predictions:
0.0346118 0.0625297 0.149519 0.115959 0.0659969 0.0468032 0.232082 0.0592093 0.124797 0.108492
0.046476 0.072399 0.13927 0.114755 0.0750139 0.0583872 0.193332 0.0694007 0.121635 0.10933
0.0380571 0.0656251 0.14682 0.116066 0.0685152 0.0504164 0.219057 0.0625284 0.124203 0.108712
0.0711844 0.087496 0.119613 0.109283 0.089445 0.0792659 0.139201 0.0858272 0.112164 0.106519
0.0533149 0.0774589 0.133206 0.113532 0.0795402 0.0644335 0.175756 0.0745342 0.119312 0.108913
0.0558067 0.0788719 0.130822 0.112889 0.081556 0.0663625 0.169555 0.0763876 0.118572 0.109178
0.0627534 0.08308 0.12547 0.11136 0.0852284 0.0724623 0.155099 0.0807252 0.115821 0.108001
0.0451782 0.0713473 0.140162 0.114909 0.0746015 0.0569533 0.196835 0.0682377 0.122326 0.10945
0.0374481 0.0652124 0.146596 0.116064 0.068363 0.0497742 0.22155 0.0620456 0.124147 0.1088
0.0534956 0.0773529 0.13309 0.113643 0.0800135 0.0647479 0.174643 0.0749598 0.118982 0.109073

Ground truth:
0 0 1 0 0 0 0 0 0 0
1 0 0 0 0 0 0 0 0 0
0 0 0 0 0 0 0 0 1 0
0 1 0 0 0 0 0 0 0 0
0 0 1 0 0 0 0 0 0 0
0 0 0 0 0 0 0 1 0 0
0 0 0 0 1 0 0 0 0 0
0 0 0 0 0 0 0 0 0 1
0 0 1 0 0 0 0 0 0 0
0 1 0 0 0 0 0 0 0 0

                                            Loss 0.911563
--------------------------------------------End of Epoch :(------------------------------------------------
-----------------------------------------------Epoch 200--------------------------------------------------
Predictions:
0.0768244 0.087329 0.157294 0.062751 0.0651604 0.0885641 0.123406 0.0809139 0.163855 0.0939024
0.0640156 0.0777901 0.19125 0.0470102 0.0497389 0.0796001 0.132197 0.068836 0.202767 0.0867952
0.0732877 0.085223 0.166269 0.0579637 0.060732 0.0863542 0.126313 0.077327 0.174253 0.0922782
0.0664036 0.0795872 0.18549 0.0494347 0.0518926 0.0814519 0.130825 0.0710397 0.19601 0.0878649
0.0687195 0.081838 0.178704 0.0525048 0.0547906 0.0831702 0.129172 0.0736548 0.187788 0.0896576
0.0772387 0.0880954 0.155278 0.0634919 0.0660111 0.0891466 0.123217 0.0813966 0.161838 0.0942869
0.0758561 0.0869642 0.159266 0.0614593 0.0641242 0.0883562 0.123987 0.080133 0.166272 0.0935821
0.0605708 0.07511 0.200767 0.0431997 0.0457541 0.0771139 0.133931 0.0657681 0.213477 0.084309
0.0686963 0.0816796 0.178795 0.0525398 0.0550979 0.0833307 0.129207 0.0731276 0.188166 0.0893604
0.0783543 0.0883749 0.153593 0.0650599 0.0669983 0.0898653 0.122005 0.0822771 0.159258 0.0942147

Ground truth:
0 0 0 0 0 0 0 0 1 0
0 0 0 0 0 0 0 0 1 0
0 0 0 0 1 0 0 0 0 0
1 0 0 0 0 0 0 0 0 0
0 0 0 0 0 0 0 1 0 0
0 0 0 0 1 0 0 0 0 0
0 0 0 0 1 0 0 0 0 0
0 0 0 1 0 0 0 0 0 0
0 0 0 1 0 0 0 0 0 0
0 0 0 0 0 1 0 0 0 0

                                            Loss 0.908739
--------------------------------------------End of Epoch :(------------------------------------------------
-----------------------------------------------Epoch 300--------------------------------------------------
Predictions:
0.0857815 0.0580837 0.077796 0.157357 0.128279 0.0431811 0.109146 0.106664 0.102201 0.131511
0.0870724 0.0616042 0.0800045 0.151401 0.125439 0.0471791 0.108824 0.107024 0.102829 0.128624
0.092343 0.0742784 0.0875341 0.13146 0.117452 0.0623877 0.106985 0.10582 0.102533 0.119206
0.0858002 0.0585823 0.0781761 0.156326 0.127959 0.0438831 0.108997 0.107077 0.102429 0.130771
0.0945913 0.0800003 0.0909187 0.12355 0.113763 0.0701962 0.105525 0.104475 0.102233 0.114747
0.0821443 0.0520526 0.0735289 0.168562 0.132775 0.0368021 0.109275 0.106917 0.101547 0.136396
0.0911719 0.0694997 0.0849828 0.138094 0.120612 0.0568464 0.10737 0.106228 0.102797 0.122399
0.0885797 0.06554 0.082826 0.145622 0.122692 0.0515303 0.108599 0.106487 0.102568 0.125556
0.0919713 0.0732515 0.0872126 0.133615 0.117951 0.0610025 0.107073 0.105512 0.102912 0.119499
0.0930534 0.0753386 0.0885718 0.130325 0.116378 0.064036 0.10645 0.105455 0.10254 0.117852

Ground truth:
1 0 0 0 0 0 0 0 0 0
0 0 0 0 0 0 1 0 0 0
0 0 0 0 1 0 0 0 0 0
1 0 0 0 0 0 0 0 0 0
0 0 0 0 1 0 0 0 0 0
0 0 0 0 0 1 0 0 0 0
0 0 0 0 0 0 0 0 0 1
0 0 1 0 0 0 0 0 0 0
0 0 1 0 0 0 0 0 0 0
0 0 1 0 0 0 0 0 0 0

                                            Loss 0.900648
--------------------------------------------End of Epoch :(------------------------------------------------
-----------------------------------------------Epoch 400--------------------------------------------------
Predictions:
0.0712949 0.0840177 0.110154 0.133292 0.0861231 0.0936745 0.0997487 0.108143 0.116097 0.097456
0.0593598 0.0752826 0.114786 0.15364 0.0787539 0.0896215 0.0984784 0.111436 0.123889 0.0947527
0.0720355 0.0844986 0.109995 0.132028 0.0865564 0.0938623 0.099896 0.108063 0.115461 0.0976043
0.0444916 0.06398 0.119334 0.185247 0.0683573 0.0825399 0.0953361 0.114965 0.134878 0.0908713
0.0472124 0.0659719 0.118723 0.178365 0.0703789 0.0839535 0.0963826 0.114684 0.13248 0.0918492
0.0575343 0.0743202 0.114878 0.156151 0.0776795 0.0887405 0.0982913 0.112328 0.125002 0.0950755
0.0539953 0.0712272 0.11639 0.163421 0.0754552 0.0868132 0.0976866 0.113121 0.12771 0.094181
0.0559954 0.0728752 0.116082 0.159771 0.0762186 0.088175 0.0982389 0.112345 0.126251 0.0940481
0.0453277 0.0647019 0.119691 0.182815 0.0689208 0.0829719 0.0959405 0.1151 0.133546 0.0909851
0.0425231 0.0623206 0.121108 0.191353 0.0664631 0.081016 0.0950679 0.115196 0.135299 0.0896525

Ground truth:
0 1 0 0 0 0 0 0 0 0
0 0 0 0 0 1 0 0 0 0
0 1 0 0 0 0 0 0 0 0
0 0 0 0 0 0 0 0 0 1
0 0 0 0 1 0 0 0 0 0
0 0 0 0 0 0 0 1 0 0
0 0 0 0 0 0 0 0 0 1
0 0 0 0 0 0 1 0 0 0
0 0 0 0 1 0 0 0 0 0
0 0 1 0 0 0 0 0 0 0

                                            Loss 0.914985
--------------------------------------------End of Epoch :(------------------------------------------------
-----------------------------------------------Epoch 500--------------------------------------------------
Predictions:
0.104415 0.0759016 0.104247 0.0981619 0.0985564 0.100944 0.122501 0.102761 0.110569 0.0819429
0.104178 0.0737009 0.10447 0.0973692 0.0982982 0.1002 0.125842 0.103921 0.111818 0.0802033
0.105148 0.0719545 0.103568 0.0968396 0.099524 0.100353 0.127244 0.103453 0.1124 0.0795162
0.105309 0.0711029 0.104222 0.0972712 0.098175 0.100665 0.128491 0.103636 0.113001 0.0781281
0.105 0.0757978 0.103762 0.0977203 0.0983773 0.100743 0.12307 0.103321 0.110238 0.0819705
0.108001 0.0600848 0.10531 0.0949332 0.0969405 0.100035 0.143126 0.104034 0.118239 0.0692959
0.102646 0.0842674 0.102879 0.0990204 0.0991784 0.100662 0.114287 0.102021 0.106969 0.0880702
0.106356 0.0668088 0.105058 0.0970773 0.0977458 0.100164 0.133608 0.103091 0.115538 0.0745535
0.104764 0.0726189 0.104087 0.0969252 0.0988849 0.0998144 0.12705 0.104081 0.112226 0.0795491
0.103748 0.0783282 0.103289 0.0979806 0.0992367 0.100157 0.119967 0.103593 0.10944 0.0842606

Ground truth:
0 0 0 0 0 0 1 0 0 0
0 0 1 0 0 0 0 0 0 0
0 0 0 0 1 0 0 0 0 0
0 0 0 0 0 1 0 0 0 0
1 0 0 0 0 0 0 0 0 0
1 0 0 0 0 0 0 0 0 0
0 1 0 0 0 0 0 0 0 0
0 0 0 0 0 0 0 0 1 0
0 0 0 0 0 0 0 1 0 0
0 0 0 0 0 0 0 1 0 0

                                            Loss 0.898732
--------------------------------------------End of Epoch :(------------------------------------------------
-----------------------------------------------Epoch 600--------------------------------------------------
Predictions:
0.152611 0.0608407 0.141995 0.128392 0.0860453 0.12119 0.0794135 0.076003 0.0712258 0.0822833
0.110542 0.0904579 0.109403 0.106903 0.0972321 0.10551 0.0955586 0.094679 0.0932869 0.096427
0.131346 0.0735833 0.129272 0.119419 0.0905871 0.114303 0.0874809 0.0848139 0.0807267 0.0884683
0.123827 0.0791432 0.120841 0.114492 0.0937235 0.111591 0.090033 0.0890297 0.0852156 0.0921045
0.127123 0.0767712 0.123272 0.116148 0.0932367 0.112535 0.0887436 0.0875201 0.0834247 0.091225
0.127073 0.0770734 0.122375 0.115874 0.0934755 0.112949 0.0889387 0.0873047 0.0837034 0.0912334
0.150554 0.0613572 0.143144 0.12791 0.085594 0.121295 0.0802129 0.0764597 0.0711497 0.0823237
0.11518 0.0861486 0.113089 0.109379 0.0964633 0.107578 0.093809 0.0926184 0.0904942 0.0952408
0.116493 0.085046 0.114481 0.110298 0.0956956 0.108378 0.093322 0.0920253 0.0899051 0.0943565
0.143578 0.0658729 0.136947 0.125406 0.0875065 0.118896 0.0824116 0.0799452 0.0748724 0.0845641

Ground truth:
0 0 0 0 0 0 0 0 1 0
0 1 0 0 0 0 0 0 0 0
0 0 1 0 0 0 0 0 0 0
0 0 0 0 0 0 0 1 0 0
0 0 0 0 0 0 0 1 0 0
0 0 0 0 0 1 0 0 0 0
0 0 0 0 0 0 1 0 0 0
0 0 0 0 0 0 0 0 0 1
0 0 0 0 0 0 0 0 1 0
0 0 0 0 0 1 0 0 0 0

                                            Loss 0.897891
--------------------------------------------End of Epoch :(------------------------------------------------
-----------------------------------------------Epoch 700--------------------------------------------------
Predictions:
0.106501 0.0583074 0.119291 0.100889 0.108928 0.081877 0.117978 0.0841791 0.118252 0.103798
0.107437 0.0502459 0.125164 0.100738 0.110102 0.0764871 0.123566 0.0794893 0.122701 0.10407
0.105568 0.0599952 0.117844 0.0998814 0.109538 0.082149 0.117282 0.0855231 0.117278 0.104941
0.105196 0.060648 0.1184 0.101045 0.10808 0.0828213 0.117065 0.0852006 0.117971 0.103573
0.110168 0.0426451 0.130068 0.10103 0.111163 0.0723824 0.127806 0.0747276 0.127025 0.102984
0.107314 0.0548372 0.121749 0.101992 0.109217 0.0798146 0.119625 0.0818241 0.120353 0.103273
0.106313 0.0554404 0.120838 0.101834 0.109497 0.0799148 0.119388 0.0824098 0.120657 0.103708
0.106326 0.0577613 0.119457 0.101228 0.108549 0.0817796 0.118441 0.0834325 0.119285 0.10374
0.106158 0.0520672 0.123743 0.100327 0.110705 0.0775448 0.122018 0.0808363 0.121964 0.104637
0.103625 0.0733382 0.112205 0.101539 0.105092 0.0887972 0.111117 0.0903418 0.111563 0.102382

Ground truth:
0 0 0 0 0 0 0 0 1 0
0 0 0 0 0 0 1 0 0 0
0 0 0 0 0 0 0 0 0 1
0 0 0 0 0 0 0 0 1 0
1 0 0 0 0 0 0 0 0 0
0 0 0 0 0 1 0 0 0 0
0 0 0 1 0 0 0 0 0 0
0 0 0 0 0 1 0 0 0 0
0 0 0 0 0 0 0 0 1 0
0 1 0 0 0 0 0 0 0 0

                                            Loss 0.899336
--------------------------------------------End of Epoch :(------------------------------------------------
-----------------------------------------------Epoch 800--------------------------------------------------
Predictions:
0.123505 0.0591515 0.148631 0.0777788 0.0879236 0.0795631 0.122671 0.112077 0.103657 0.0850425
0.122505 0.060462 0.145316 0.0773945 0.0891492 0.0812254 0.122786 0.111932 0.102948 0.0862827
0.127644 0.0531962 0.154253 0.0723933 0.0875035 0.0764123 0.125877 0.116028 0.102437 0.0842563
0.120782 0.0620784 0.142663 0.0783701 0.0903838 0.0815332 0.121444 0.111704 0.103597 0.0874447
0.136216 0.0429274 0.172948 0.0644063 0.082785 0.0688539 0.133038 0.118552 0.101965 0.0783086
0.120005 0.0626926 0.142195 0.0784631 0.090117 0.081524 0.120397 0.113605 0.102953 0.0880469
0.134222 0.0474314 0.16644 0.0689034 0.0830154 0.0729636 0.130328 0.114354 0.103017 0.0793247
0.123057 0.0601241 0.145575 0.0781778 0.0887019 0.0805881 0.121528 0.113138 0.102757 0.0863538
0.130171 0.0487377 0.16769 0.0697689 0.0829996 0.0727786 0.13025 0.115198 0.102996 0.0794106
0.129924 0.0483193 0.168398 0.0686026 0.0826896 0.0724325 0.130501 0.11646 0.103163 0.0795098

Ground truth:
0 0 0 1 0 0 0 0 0 0
0 0 0 0 0 0 1 0 0 0
0 0 0 0 0 0 0 1 0 0
0 0 0 0 1 0 0 0 0 0
0 0 0 0 0 0 0 1 0 0
0 0 0 0 0 0 0 1 0 0
1 0 0 0 0 0 0 0 0 0
0 0 0 0 0 0 0 1 0 0
0 0 0 1 0 0 0 0 0 0
0 0 0 0 0 0 0 0 1 0

                                            Loss 0.906902
--------------------------------------------End of Epoch :(------------------------------------------------
-----------------------------------------------Epoch 900--------------------------------------------------
Predictions:
0.121184 0.0675115 0.107177 0.125554 0.0569649 0.0798027 0.123729 0.101008 0.140199 0.0768702
0.129844 0.0625672 0.106717 0.129603 0.0521287 0.0779597 0.126552 0.0979983 0.143683 0.0729477
0.119565 0.0716706 0.106756 0.121449 0.0617788 0.083181 0.122345 0.0994086 0.134266 0.0795796
0.107959 0.087851 0.104256 0.111239 0.0799204 0.0923538 0.109703 0.100577 0.115818 0.0903233
0.111607 0.0815927 0.104509 0.11266 0.0758495 0.0899413 0.113843 0.101283 0.120204 0.0885105
0.128552 0.0605963 0.106846 0.128534 0.0514041 0.0756128 0.129694 0.0987965 0.147105 0.0728592
0.11475 0.0782108 0.104043 0.114767 0.0716349 0.0876889 0.115316 0.103419 0.123592 0.0865787
0.119882 0.0700673 0.105498 0.120253 0.0619845 0.0821902 0.122407 0.101763 0.134974 0.0809813
0.105342 0.0913612 0.103481 0.10784 0.0846597 0.0943251 0.107624 0.100808 0.111797 0.0927626
0.114497 0.0790978 0.105268 0.116383 0.0707636 0.0885127 0.115269 0.100802 0.12419 0.0852173

Ground truth:
0 0 0 1 0 0 0 0 0 0
1 0 0 0 0 0 0 0 0 0
0 0 0 0 0 1 0 0 0 0
0 0 0 1 0 0 0 0 0 0
0 0 0 0 1 0 0 0 0 0
0 0 0 0 1 0 0 0 0 0
0 0 0 0 0 0 0 1 0 0
0 0 0 0 0 0 0 0 0 1
0 1 0 0 0 0 0 0 0 0
0 0 0 0 0 1 0 0 0 0

                                            Loss 0.896708
--------------------------------------------End of Epoch :(------------------------------------------------
-----------------------------------------------Epoch 1000--------------------------------------------------
Predictions:
0.130585 0.0549313 0.0914725 0.134837 0.0710671 0.092615 0.0950533 0.122771 0.120363 0.0863041
0.115446 0.0726407 0.0936632 0.113477 0.0875689 0.0957749 0.0978364 0.116872 0.110063 0.0966568
0.113478 0.0780021 0.097412 0.113441 0.0879256 0.0977705 0.0994846 0.109006 0.108601 0.0948787
0.117633 0.0698885 0.0957267 0.120988 0.0810864 0.0957002 0.0979439 0.114705 0.114639 0.0916886
0.115224 0.0721869 0.0980755 0.11784 0.0832374 0.0953815 0.0997513 0.113368 0.111991 0.0929447
0.125144 0.0598938 0.0928566 0.128726 0.0756378 0.0934191 0.096444 0.120161 0.118583 0.0891359
0.116473 0.0733618 0.0947842 0.115584 0.085747 0.0977711 0.0982309 0.11273 0.110759 0.0945598
0.112005 0.0768415 0.0969163 0.11628 0.0846657 0.0968902 0.0988284 0.111939 0.111735 0.0938981
0.114867 0.0755878 0.0975087 0.116826 0.0840401 0.097306 0.0992298 0.110803 0.110639 0.0931919
0.106508 0.0858249 0.0985425 0.108542 0.091414 0.0979582 0.0999689 0.107098 0.107101 0.0970428

Ground truth:
0 0 0 1 0 0 0 0 0 0
0 0 0 0 0 0 0 1 0 0
1 0 0 0 0 0 0 0 0 0
0 0 0 0 0 0 0 0 1 0
0 0 1 0 0 0 0 0 0 0
0 0 0 1 0 0 0 0 0 0
0 0 0 0 0 1 0 0 0 0
0 1 0 0 0 0 0 0 0 0
0 1 0 0 0 0 0 0 0 0
0 0 0 0 0 1 0 0 0 0

                                            Loss 0.895672
--------------------------------------------End of Epoch :(------------------------------------------------
-----------------------------------------------Epoch 1100--------------------------------------------------
Predictions:
0.101236 0.0807321 0.106993 0.132916 0.106576 0.0866185 0.0962986 0.0822681 0.110085 0.0962762
0.0974393 0.0901628 0.105246 0.120281 0.104183 0.0906546 0.0974375 0.0889993 0.107474 0.0981218
0.100323 0.0732321 0.105549 0.13975 0.114172 0.0819752 0.0940659 0.0797124 0.111373 0.0998466
0.10137 0.07428 0.103428 0.13703 0.113385 0.0836702 0.0937923 0.081269 0.11159 0.100186
0.10249 0.071558 0.110167 0.156405 0.107261 0.0802084 0.0929023 0.0715254 0.115644 0.0918387
0.0984332 0.074206 0.105421 0.13963 0.114066 0.0812145 0.0938896 0.0801861 0.112621 0.100333
0.106009 0.075813 0.105355 0.1373 0.108443 0.0859584 0.09571 0.0789655 0.110404 0.0960405
0.0990933 0.0900418 0.104586 0.119676 0.103479 0.0918952 0.0977103 0.0888066 0.106912 0.0978005
0.0973123 0.0888714 0.105511 0.123235 0.104478 0.0898045 0.0970452 0.0874038 0.108502 0.0978354
0.0987721 0.0784444 0.105308 0.132648 0.111322 0.0844786 0.0954245 0.0830626 0.110833 0.0997062

Ground truth:
0 0 0 0 0 0 0 0 1 0
0 1 0 0 0 0 0 0 0 0
0 0 0 0 0 0 0 0 0 1
0 0 0 0 0 0 0 0 0 1
0 0 0 0 0 0 0 0 1 0
0 0 0 0 0 0 0 0 0 1
1 0 0 0 0 0 0 0 0 0
0 1 0 0 0 0 0 0 0 0
0 1 0 0 0 0 0 0 0 0
0 0 0 0 0 0 0 0 0 1

                                            Loss 0.895368
--------------------------------------------End of Epoch :(------------------------------------------------
-----------------------------------------------Epoch 1200--------------------------------------------------
Predictions:
0.13642 0.0599394 0.0813574 0.103442 0.106876 0.086471 0.109219 0.103489 0.0892624 0.123524
0.132414 0.0663289 0.087186 0.110073 0.0997779 0.0891467 0.110409 0.0966238 0.0930221 0.115018
0.116813 0.0818056 0.0951921 0.107654 0.0973399 0.0937487 0.107606 0.0969682 0.0967107 0.106163
0.142555 0.0603529 0.0864779 0.109057 0.100145 0.0867555 0.113734 0.0953235 0.0897251 0.115874
0.113064 0.0854382 0.096644 0.106514 0.0974378 0.0947543 0.106407 0.0974099 0.0976095 0.104721
0.144166 0.0543611 0.0797331 0.103902 0.106873 0.0839492 0.112583 0.101201 0.0870791 0.126153
0.148049 0.0589312 0.0874781 0.115121 0.0953435 0.0869852 0.116072 0.0903913 0.0897974 0.111832
0.148668 0.0531258 0.0810818 0.10645 0.104329 0.0831428 0.115817 0.0970049 0.0865955 0.123784
0.120686 0.0751374 0.0908899 0.106449 0.0999552 0.0912283 0.107668 0.100959 0.0948855 0.112141
0.13931 0.0605179 0.0829616 0.105309 0.105458 0.0881616 0.110043 0.0989284 0.0897688 0.119542

Ground truth:
0 0 0 0 0 0 0 1 0 0
0 0 0 1 0 0 0 0 0 0
0 1 0 0 0 0 0 0 0 0
0 0 0 0 0 0 1 0 0 0
0 1 0 0 0 0 0 0 0 0
0 0 0 0 1 0 0 0 0 0
0 0 0 0 0 0 1 0 0 0
0 0 0 0 1 0 0 0 0 0
0 0 0 0 0 0 0 1 0 0
0 0 0 0 1 0 0 0 0 0

                                            Loss 0.890149
--------------------------------------------End of Epoch :(------------------------------------------------
-----------------------------------------------Epoch 1300--------------------------------------------------
Predictions:
0.251347 0.037019 0.0762989 0.0913937 0.110654 0.0612363 0.127171 0.0697638 0.0748057 0.100311
0.152342 0.066547 0.0897746 0.0971948 0.110011 0.082531 0.114435 0.090486 0.0909835 0.105695
0.150135 0.073309 0.0992199 0.108091 0.0990792 0.0840928 0.117053 0.0796944 0.0947747 0.0945506
0.147561 0.0646501 0.0883066 0.0925221 0.117311 0.075145 0.119419 0.0908266 0.0905572 0.113702
0.174405 0.0615592 0.0920417 0.103378 0.103998 0.0798271 0.119752 0.0773182 0.090733 0.0969882
0.129207 0.0772632 0.0943572 0.0982607 0.109342 0.0841959 0.11281 0.0920523 0.0957261 0.106786
0.124536 0.0802437 0.09618 0.0979757 0.107703 0.0877798 0.111157 0.0935506 0.0957756 0.105099
0.159437 0.0638935 0.0906155 0.0970487 0.110577 0.0753042 0.121605 0.0842669 0.0912915 0.105961
0.217581 0.0499791 0.0896368 0.105881 0.0983219 0.0700319 0.127932 0.0652681 0.0850865 0.090281
0.190787 0.0542966 0.088763 0.0970112 0.108511 0.0740818 0.123657 0.0781042 0.0848977 0.0998902

Ground truth:
0 0 0 0 0 0 0 1 0 0
0 0 0 0 0 0 0 1 0 0
0 0 0 1 0 0 0 0 0 0
0 0 0 0 0 0 0 0 0 1
0 0 0 0 0 0 0 0 1 0
0 0 0 0 0 0 0 0 0 1
0 0 0 0 1 0 0 0 0 0
0 0 0 0 0 0 0 0 1 0
0 0 0 0 0 0 0 0 1 0
1 0 0 0 0 0 0 0 0 0

                                            Loss 0.881831
--------------------------------------------End of Epoch :(------------------------------------------------
-----------------------------------------------Epoch 1400--------------------------------------------------
Predictions:
0.158443 0.0566332 0.106065 0.117139 0.0896248 0.105441 0.0873988 0.0822755 0.105395 0.0915856
0.092345 0.10293 0.107187 0.10374 0.0951711 0.0976771 0.0967939 0.0980438 0.106764 0.0993487
0.112247 0.0744453 0.110136 0.113927 0.0922801 0.0996783 0.0863767 0.0931949 0.116409 0.101306
0.144299 0.053288 0.103274 0.118794 0.0916909 0.104354 0.0784304 0.0898477 0.115134 0.100887
0.118618 0.053573 0.0897798 0.0969236 0.117297 0.0958723 0.0790016 0.111154 0.108919 0.128861
0.102226 0.0566691 0.0923049 0.0930186 0.119617 0.0909269 0.0774208 0.117799 0.113128 0.136891
0.102729 0.0886642 0.112442 0.114669 0.0895206 0.0993882 0.090146 0.0910786 0.114647 0.0967158
0.0963867 0.0970378 0.108466 0.106649 0.0933912 0.0986688 0.094808 0.0964838 0.109245 0.098863
0.0935291 0.0929234 0.118045 0.114459 0.0871888 0.0964526 0.089041 0.0914367 0.119748 0.0971756
0.133485 0.0626644 0.10892 0.123149 0.089335 0.103465 0.0824149 0.0852017 0.11589 0.0954755

Ground truth:
1 0 0 0 0 0 0 0 0 0
0 1 0 0 0 0 0 0 0 0
0 0 0 0 0 0 0 0 1 0
0 0 0 0 0 1 0 0 0 0
0 0 0 0 0 0 0 0 0 1
0 0 0 0 1 0 0 0 0 0
0 0 1 0 0 0 0 0 0 0
0 1 0 0 0 0 0 0 0 0
0 1 0 0 0 0 0 0 0 0
0 0 0 1 0 0 0 0 0 0

                                            Loss 0.873091
--------------------------------------------End of Epoch :(------------------------------------------------
-----------------------------------------------Epoch 1500--------------------------------------------------
Predictions:
0.133265 0.059845 0.186741 0.166861 0.0526834 0.0973118 0.0653608 0.0524829 0.114956 0.0704932
0.0530242 0.0658629 0.0830221 0.0633619 0.14201 0.0704135 0.066628 0.172211 0.0932855 0.190181
0.113611 0.0680502 0.125405 0.116354 0.0913329 0.0982078 0.0796232 0.0903749 0.107933 0.109107
0.0682807 0.0698959 0.088609 0.0745311 0.135995 0.0807914 0.0760869 0.143195 0.0977767 0.164838
0.0689311 0.0596968 0.0983084 0.074467 0.130471 0.0766519 0.0690866 0.150458 0.097678 0.174251
0.220825 0.0312581 0.188405 0.163213 0.0453327 0.0959261 0.0578147 0.0412825 0.0952421 0.0607012
0.0889105 0.071992 0.100127 0.0894238 0.116952 0.0892272 0.0809413 0.12658 0.0992115 0.136635
0.0611213 0.0645499 0.0952633 0.0727266 0.137036 0.0749336 0.0697241 0.146373 0.0985511 0.179721
0.0932477 0.0514653 0.0830634 0.0756883 0.137778 0.0855444 0.0725722 0.144719 0.0909456 0.164976
0.117404 0.080779 0.158738 0.15206 0.0616195 0.100414 0.0766175 0.0619789 0.115699 0.0746894

Ground truth:
0 0 0 1 0 0 0 0 0 0
0 0 0 0 0 0 0 1 0 0
0 0 0 0 0 1 0 0 0 0
0 0 0 0 1 0 0 0 0 0
0 0 0 0 0 0 0 1 0 0
1 0 0 0 0 0 0 0 0 0
0 0 0 0 0 0 0 1 0 0
0 0 0 0 1 0 0 0 0 0
0 0 0 0 0 0 0 1 0 0
0 0 0 1 0 0 0 0 0 0

                                            Loss 0.839429
--------------------------------------------End of Epoch :(------------------------------------------------
-----------------------------------------------Epoch 1600--------------------------------------------------
Predictions:
0.162419 0.0430252 0.174967 0.179672 0.0326423 0.10879 0.110241 0.023428 0.127243 0.0375725
0.124152 0.0860504 0.180106 0.185134 0.0313198 0.10542 0.105553 0.0255029 0.123217 0.0335461
0.0845659 0.0829821 0.214883 0.161531 0.0344171 0.0918788 0.121429 0.0280929 0.138141 0.0420792
0.204898 0.0380315 0.115131 0.132643 0.0645806 0.118133 0.105904 0.0482022 0.106247 0.0662296
0.0349126 0.195111 0.158223 0.116048 0.0537607 0.0751519 0.100654 0.0591012 0.137391 0.0696466
0.0542406 0.0202947 0.0510774 0.0425208 0.189132 0.0643727 0.0785761 0.158278 0.0887178 0.25279
0.288499 0.0291556 0.150508 0.188747 0.019804 0.11056 0.092162 0.0122975 0.0896387 0.0186272
0.0443105 0.0655074 0.0829952 0.0642719 0.142329 0.07255 0.0926408 0.14262 0.109967 0.182808
0.0279891 0.0549491 0.0631104 0.0445515 0.166811 0.0571974 0.0797817 0.17317 0.0988356 0.233604
0.0329096 0.179499 0.164222 0.117436 0.0529642 0.0743276 0.102498 0.0573181 0.146538 0.0722864

Ground truth:
0 0 0 1 0 0 0 0 0 0
0 0 0 1 0 0 0 0 0 0
0 0 1 0 0 0 0 0 0 0
1 0 0 0 0 0 0 0 0 0
0 1 0 0 0 0 0 0 0 0
0 0 0 0 1 0 0 0 0 0
1 0 0 0 0 0 0 0 0 0
0 0 0 0 1 0 0 0 0 0
0 0 0 0 0 0 0 0 0 1
0 1 0 0 0 0 0 0 0 0

                                            Loss 0.796926
--------------------------------------------End of Epoch :(------------------------------------------------
-----------------------------------------------Epoch 1700--------------------------------------------------
Predictions:
0.00882117 0.0418707 0.0301973 0.0184374 0.217306 0.040359 0.0579665 0.263341 0.0757162 0.245985
0.0387418 0.111721 0.207177 0.166333 0.0172718 0.124468 0.125851 0.0148516 0.180739 0.0128455
0.191128 0.0485704 0.159564 0.172072 0.0229177 0.145826 0.12185 0.0154298 0.107472 0.0151695
0.134169 0.0487929 0.173702 0.15087 0.0314812 0.147212 0.141256 0.0234506 0.127728 0.0213373
0.225839 0.0254275 0.101537 0.127094 0.0544416 0.165589 0.116533 0.0381206 0.108633 0.0367851
0.282287 0.0201666 0.113817 0.151984 0.0259386 0.168203 0.108759 0.0162446 0.0971874 0.0154134
0.224285 0.0178937 0.103598 0.11369 0.054184 0.174126 0.13249 0.0353938 0.111212 0.0331278
0.0125193 0.295069 0.23076 0.129317 0.0102305 0.0639859 0.095263 0.01044 0.143144 0.00927113
0.0290638 0.00530502 0.0149139 0.0127032 0.288461 0.0503999 0.0501522 0.258245 0.0468881 0.243868
0.667539 0.00170225 0.0602423 0.113239 0.00124255 0.0931374 0.0396687 0.000434218 0.0223778 0.000416335

Ground truth:
0 0 0 0 1 0 0 0 0 0
0 0 0 1 0 0 0 0 0 0
0 0 0 0 0 0 1 0 0 0
0 0 1 0 0 0 0 0 0 0
0 0 0 0 0 1 0 0 0 0
0 0 0 0 0 1 0 0 0 0
1 0 0 0 0 0 0 0 0 0
0 0 1 0 0 0 0 0 0 0
0 0 0 0 1 0 0 0 0 0
1 0 0 0 0 0 0 0 0 0

                                            Loss 0.695787
--------------------------------------------End of Epoch :(------------------------------------------------
-----------------------------------------------Epoch 1800--------------------------------------------------
Predictions:
0.0108861 0.163007 0.150681 0.0915539 0.0577886 0.0697963 0.125979 0.0540003 0.213745 0.0625633
0.00536779 0.290366 0.238447 0.126885 0.00786027 0.0449629 0.0955261 0.00666817 0.175937 0.0079803
0.793085 3.95316e-05 0.0333478 0.0502748 0.000952009 0.0642638 0.0442663 0.000144721 0.0134079 0.000218368
0.00732653 0.0333641 0.0410215 0.0264979 0.19049 0.048144 0.0784801 0.213557 0.134724 0.226395
0.0175689 0.035851 0.1516 0.0687898 0.0881988 0.085811 0.205096 0.054273 0.221344 0.0714677
0.00223727 0.00138522 0.00458267 0.00240154 0.274486 0.0122692 0.0222616 0.33361 0.0290417 0.317725
0.128308 0.0390878 0.217046 0.276026 0.00534304 0.115771 0.101154 0.0029067 0.110911 0.00344742
0.0943922 0.0152569 0.253938 0.259868 0.00355635 0.113065 0.126078 0.00144908 0.130522 0.00187495
0.00261266 0.551779 0.109848 0.0599931 0.0199933 0.0272237 0.0548469 0.02729 0.11788 0.0285326
0.0100442 0.32055 0.175375 0.109592 0.0245659 0.0538126 0.094098 0.0250364 0.159185 0.0277403

Ground truth:
0 0 0 0 0 0 0 0 1 0
0 0 0 0 0 0 0 0 1 0
1 0 0 0 0 0 0 0 0 0
0 0 0 0 0 0 0 0 0 1
0 0 0 0 0 0 1 0 0 0
0 0 0 0 0 0 0 1 0 0
0 0 0 1 0 0 0 0 0 0
0 0 0 1 0 0 0 0 0 0
0 1 0 0 0 0 0 0 0 0
0 1 0 0 0 0 0 0 0 0

                                            Loss 0.647891
--------------------------------------------End of Epoch :(------------------------------------------------
-----------------------------------------------Epoch 1900--------------------------------------------------
Predictions:
0.1331 0.0037532 0.104095 0.197778 0.016998 0.261653 0.136697 0.0103375 0.122693 0.0128958
0.0120357 0.223961 0.149037 0.128418 0.03505 0.0829247 0.102394 0.044088 0.174704 0.047387
0.152357 0.000718825 0.108161 0.380829 0.000564706 0.229844 0.068394 0.000243189 0.0585549 0.000333242
0.000172743 0.733232 0.0972806 0.0682482 0.000650361 0.0102632 0.0179509 0.00109824 0.0697925 0.00131122
0.182798 0.00115359 0.0726346 0.181526 0.0137831 0.307363 0.11875 0.00821672 0.103858 0.00991709
0.000791721 0.033223 0.0233349 0.0168159 0.137217 0.0364051 0.0496933 0.28815 0.13659 0.277778
0.00628998 0.000310923 0.00234188 0.00227636 0.257334 0.0205305 0.0171958 0.368863 0.0168769 0.30798
0.0204355 0.0222526 0.205811 0.171618 0.015777 0.158019 0.189495 0.0119768 0.189015 0.0156005
0.00913025 0.00129531 0.00676175 0.00547016 0.255949 0.0329161 0.0344554 0.32448 0.0322044 0.297338
0.000304819 0.10396 0.289126 0.185643 0.00112966 0.0550587 0.0962478 0.00147324 0.265084 0.00197175

Ground truth:
0 0 0 1 0 0 0 0 0 0
0 1 0 0 0 0 0 0 0 0
0 0 0 1 0 0 0 0 0 0
0 1 0 0 0 0 0 0 0 0
0 0 0 0 0 1 0 0 0 0
0 0 0 0 0 0 0 0 0 1
0 0 0 0 0 0 0 1 0 0
0 0 1 0 0 0 0 0 0 0
0 0 0 0 0 0 0 1 0 0
0 0 1 0 0 0 0 0 0 0

                                            Loss 0.584051
--------------------------------------------End of Epoch :(------------------------------------------------
-----------------------------------------------Epoch 2000--------------------------------------------------
Predictions:
0.0061243 0.00858274 0.11188 0.320222 0.00870087 0.150597 0.0658868 0.00937097 0.307107 0.0115268
0.0617837 0.00177609 0.191505 0.157324 0.0194453 0.179 0.233555 0.00803978 0.135626 0.0119443
0.00185279 0.00168282 0.0123718 0.00639768 0.235471 0.0228302 0.0455272 0.301138 0.0576275 0.315101
0.000669229 0.000988743 0.00221974 0.00188944 0.201879 0.00893024 0.0106595 0.399437 0.0237508 0.349577
0.00201453 0.00337308 0.415847 0.336711 0.000167079 0.0514396 0.0842666 6.00097e-05 0.105998 0.000123378
0.000116416 0.677798 0.0815054 0.052652 0.0051897 0.0110214 0.0234619 0.00941042 0.126421 0.0124243
0.1019 1.48807e-05 0.0104853 0.0118393 0.29799 0.128767 0.104013 0.138147 0.0442113 0.162633
7.84128e-06 0.811514 0.035624 0.0180638 0.00360524 0.00334889 0.00949586 0.0108477 0.0943406 0.0131518
0.0156038 0.00158048 0.0160147 0.0164078 0.255999 0.0592277 0.0594401 0.238145 0.0693617 0.268219
0.0706837 1.04034e-05 0.00220455 0.00329973 0.357346 0.0508928 0.0296227 0.241705 0.0153002 0.228935

Ground truth:
0 0 0 1 0 0 0 0 0 0
0 0 0 0 0 0 1 0 0 0
0 0 0 0 0 0 0 0 0 1
0 0 0 0 0 0 0 1 0 0
0 0 1 0 0 0 0 0 0 0
0 1 0 0 0 0 0 0 0 0
0 0 0 0 0 0 0 0 0 1
0 1 0 0 0 0 0 0 0 0
0 0 0 0 0 0 0 0 0 1
0 0 0 0 0 0 0 1 0 0

                                            Loss 0.554149
--------------------------------------------End of Epoch :(------------------------------------------------
-----------------------------------------------Epoch 2100--------------------------------------------------
Predictions:
0.0611372 0.000639753 0.02913 0.130087 0.0679511 0.299869 0.0699462 0.0932983 0.176811 0.0711295
0.667502 3.27805e-06 0.0179115 0.129073 0.000241144 0.157334 0.0180416 9.37107e-05 0.00971793 8.16688e-05
0.0169215 0.000226212 0.00804051 0.0499108 0.120683 0.189678 0.0328091 0.267242 0.146405 0.168084
0.185364 9.07752e-07 0.344673 0.0857386 5.5748e-05 0.0786211 0.297434 2.70309e-06 0.00810433 6.24461e-06
3.28306e-05 0.889046 0.0342048 0.0206008 0.00130095 0.0028111 0.00632953 0.00307855 0.0391792 0.00341623
0.000773252 0.0379707 0.166399 0.138945 0.0197008 0.0713089 0.111442 0.0285161 0.393252 0.0316918
0.0463147 0.00266155 0.143651 0.444826 0.00169124 0.183511 0.063316 0.00139164 0.111269 0.0013681
0.000119534 0.00012722 0.000289433 0.00032606 0.163409 0.00261739 0.00253355 0.499465 0.00763102 0.323482
0.653428 4.87757e-05 0.0415931 0.0986034 0.0016787 0.137106 0.0506979 0.000520405 0.0157427 0.000581028
0.000566378 0.0464358 0.0372623 0.0285204 0.120358 0.0316135 0.0524073 0.248329 0.195396 0.239112

Ground truth:
0 0 0 0 0 1 0 0 0 0
1 0 0 0 0 0 0 0 0 0
0 0 0 0 0 1 0 0 0 0
0 0 1 0 0 0 0 0 0 0
0 1 0 0 0 0 0 0 0 0
0 0 0 0 0 0 0 0 1 0
0 0 0 1 0 0 0 0 0 0
0 0 0 0 0 0 0 1 0 0
1 0 0 0 0 0 0 0 0 0
0 0 0 0 0 0 0 0 1 0

                                            Loss 0.51585
--------------------------------------------End of Epoch :(------------------------------------------------
-----------------------------------------------Epoch 2200--------------------------------------------------
Predictions:
0.000335178 4.20876e-05 0.00131718 0.00056272 0.411002 0.00634892 0.0179726 0.247485 0.0198249 0.295109
0.0113128 0.00106649 0.168383 0.0162832 0.119246 0.0465502 0.485027 0.0216639 0.0899633 0.0405043
0.00277602 0.00645447 0.084984 0.546158 0.000487375 0.110596 0.0150489 0.000608272 0.232327 0.000560388
0.000118443 9.1117e-05 0.00063761 0.00146713 0.160885 0.00908442 0.00427094 0.50826 0.0395279 0.275657
0.000166309 5.61611e-06 0.000313167 0.000173035 0.394177 0.00366572 0.00783105 0.289934 0.0100916 0.293642
0.000677137 0.00272026 0.0172079 0.00418516 0.33454 0.0148405 0.0743583 0.196581 0.0754214 0.279468
3.86697e-06 9.05638e-06 0.000267009 0.000105772 0.279697 0.00147356 0.00456684 0.368639 0.0197374 0.325501
0.00738888 0.000178678 0.132065 0.0186569 0.113002 0.0694881 0.456231 0.0217352 0.14509 0.0361656
0.00952335 6.14371e-05 0.032665 0.0693905 0.0724462 0.255043 0.107908 0.0443268 0.365873 0.0427619
0.96635 6.01727e-11 0.00072935 0.00445664 2.40987e-06 0.0263084 0.00192676 1.39619e-07 0.000226367 1.40324e-07

Ground truth:
0 0 0 0 1 0 0 0 0 0
0 0 0 0 0 0 1 0 0 0
0 0 0 1 0 0 0 0 0 0
0 0 0 0 0 0 0 1 0 0
0 0 0 0 0 0 0 0 0 1
0 0 0 0 1 0 0 0 0 0
0 0 0 0 0 0 0 0 0 1
0 0 1 0 0 0 0 0 0 0
0 0 0 0 0 0 0 0 1 0
1 0 0 0 0 0 0 0 0 0

                                            Loss 0.469624
--------------------------------------------End of Epoch :(------------------------------------------------
-----------------------------------------------Epoch 2300--------------------------------------------------
Predictions:
7.78161e-07 0.92418 0.00968726 0.0105175 0.000753991 0.000790872 0.0010316 0.00416903 0.0448378 0.00403131
0.00116159 0.00968457 0.0514615 0.602564 0.00050672 0.079181 0.006874 0.00115152 0.246283 0.00113252
0.0404129 1.16206e-05 0.0287422 0.00611112 0.352306 0.0592197 0.31804 0.0443418 0.0464489 0.104365
5.14787e-07 0.935887 0.0189922 0.0122243 0.000137469 0.000484944 0.00103951 0.000431791 0.0302495 0.000553261
2.51669e-05 0.794114 0.0798113 0.0388683 0.0010126 0.00344838 0.00917708 0.00145869 0.0698458 0.00223875
0.332768 1.55002e-06 0.0153808 0.44 1.34632e-05 0.192327 0.00361938 1.08681e-05 0.0158717 7.59354e-06
0.000336321 1.84318e-05 0.0014968 0.000848644 0.392229 0.00866809 0.0232755 0.192629 0.0286814 0.351817
0.000247502 0.00635607 0.00925142 0.0383509 0.0772542 0.0406947 0.0127531 0.279232 0.298535 0.237325
0.98717 3.80419e-13 8.27121e-05 0.0022508 4.82672e-08 0.0103176 0.000148222 3.24066e-09 3.11043e-05 3.94303e-09
8.17032e-05 0.771577 0.0651725 0.0577333 0.00173486 0.00631224 0.00870605 0.0035275 0.0809435 0.00421136

Ground truth:
0 1 0 0 0 0 0 0 0 0
0 0 0 1 0 0 0 0 0 0
0 0 0 0 1 0 0 0 0 0
0 1 0 0 0 0 0 0 0 0
0 1 0 0 0 0 0 0 0 0
1 0 0 0 0 0 0 0 0 0
0 0 0 0 1 0 0 0 0 0
0 0 0 0 0 0 0 0 1 0
1 0 0 0 0 0 0 0 0 0
0 1 0 0 0 0 0 0 0 0

                                            Loss 0.42771
--------------------------------------------End of Epoch :(------------------------------------------------
-----------------------------------------------Epoch 2400--------------------------------------------------
Predictions:
0.139546 9.55866e-06 0.00254417 0.0960227 0.0140444 0.604732 0.00682194 0.0327594 0.0843483 0.0191717
0.00168785 0.0119633 0.0729122 0.169829 0.0218666 0.152408 0.0379846 0.0363414 0.45501 0.0399968
2.45961e-05 2.90128e-05 0.000181281 0.00032684 0.179115 0.00412348 0.00162082 0.410385 0.0168017 0.387392
0.000335478 0.0719503 0.043915 0.614762 0.000205049 0.0602837 0.00207543 0.00198979 0.203555 0.000928156
7.86807e-05 0.00764077 0.766543 0.0102417 0.00104584 0.00377081 0.173447 5.88367e-05 0.0368427 0.000331372
0.0948064 3.97031e-05 0.0945959 0.0157579 0.129729 0.134958 0.406633 0.0209206 0.065338 0.037221
0.0903652 1.95378e-06 0.162495 0.0023993 0.00605425 0.021371 0.711189 6.47926e-05 0.00567797 0.000381633
0.0196045 0.00093312 0.0327659 0.738162 3.66224e-05 0.153506 0.00247013 0.00014454 0.0523099 6.65885e-05
0.00100571 6.41229e-09 2.52286e-05 0.00113389 0.100342 0.104128 0.00068736 0.548349 0.0283411 0.215988
0.000240914 1.03928e-07 6.07935e-05 5.38577e-05 0.486889 0.00506268 0.00376762 0.17725 0.00464564 0.322029

Ground truth:
0 0 0 0 0 1 0 0 0 0
0 0 0 0 0 0 0 0 1 0
0 0 0 0 0 0 0 0 0 1
0 0 0 1 0 0 0 0 0 0
0 0 1 0 0 0 0 0 0 0
0 0 0 0 0 0 0 0 0 1
0 0 0 0 0 0 1 0 0 0
0 0 0 1 0 0 0 0 0 0
0 0 0 0 0 0 0 0 0 1
0 0 0 0 1 0 0 0 0 0

                                            Loss 0.437872
--------------------------------------------End of Epoch :(------------------------------------------------
-----------------------------------------------Epoch 2500--------------------------------------------------
Predictions:
0.000789777 1.0125e-06 0.00535621 0.176739 0.000439258 0.283397 0.00189358 0.000946532 0.529489 0.000948724
0.00183217 2.22872e-10 0.0315574 1.02583e-05 0.00316364 0.00070799 0.961828 3.72705e-07 0.0008735 2.64886e-05
0.0563376 0.000145698 0.0458578 0.668657 2.12597e-05 0.170732 0.00386864 3.47935e-05 0.0543197 2.56479e-05
2.38576e-05 0.000498803 0.00342963 0.0289813 0.0229987 0.0446702 0.0024196 0.12021 0.66832 0.108448
0.574385 1.93892e-06 0.0126969 0.116822 0.000268704 0.260007 0.00878227 0.000199968 0.0266775 0.000159116
0.000164093 2.14886e-06 0.000111493 5.57243e-05 0.472177 0.00193834 0.00338495 0.169477 0.00509865 0.347591
1.85317e-05 4.53861e-08 0.000195417 1.74728e-05 0.648944 0.001324 0.00845363 0.0652377 0.010232 0.265577
0.000491938 2.80187e-07 3.89211e-05 0.000468546 0.156044 0.0156914 0.000660523 0.487571 0.0189746 0.320059
1.09953e-05 0.0601869 0.614169 0.0095092 0.00657686 0.00282379 0.142 0.00056992 0.160502 0.00365084
0.230169 4.58206e-08 0.000792543 0.0558201 0.0021332 0.636763 0.00230603 0.00448957 0.0649958 0.00253072

Ground truth:
0 0 0 1 0 0 0 0 0 0
0 0 0 0 0 0 1 0 0 0
0 0 0 1 0 0 0 0 0 0
0 0 0 0 0 0 0 0 1 0
1 0 0 0 0 0 0 0 0 0
0 0 0 0 0 0 0 0 0 1
0 0 0 0 0 0 0 0 0 1
0 0 0 0 0 0 0 1 0 0
0 0 1 0 0 0 0 0 0 0
1 0 0 0 0 0 0 0 0 0

                                            Loss 0.385942
--------------------------------------------End of Epoch :(------------------------------------------------
-----------------------------------------------Epoch 2600--------------------------------------------------
Predictions:
7.62377e-05 1.68334e-08 4.49024e-05 2.20121e-05 0.56817 0.00259174 0.00324034 0.0692464 0.00590497 0.350703
0.0972451 1.7781e-09 0.0350227 0.000182783 0.00363566 0.010594 0.850773 2.85936e-06 0.00245894 8.4445e-05
0.000119145 1.04174e-09 4.50375e-07 1.38256e-05 0.097443 0.00249452 3.39148e-05 0.587185 0.00110032 0.31161
0.000151529 0.000286104 0.00122 0.00149164 0.266903 0.00894766 0.00640167 0.206039 0.0453539 0.463205
7.39927e-06 0.00211321 0.827621 0.00111472 0.00025514 0.000323881 0.156449 2.11407e-06 0.0120729 4.03432e-05
0.000186111 0.00123877 0.00296311 0.579088 0.000136282 0.116663 0.000151416 0.0107377 0.286533 0.0023031
0.00111845 3.85212e-07 0.000121751 0.000249235 0.386395 0.0121306 0.00372119 0.190219 0.011837 0.394208
0.0749511 7.09703e-06 0.00333885 0.183722 0.0015875 0.601327 0.00346838 0.00369698 0.124567 0.00333382
2.89066e-06 9.4334e-05 4.09653e-05 0.00119003 0.0129021 0.00272273 4.20392e-05 0.766306 0.0219661 0.194733
2.78637e-05 0.0524859 0.167228 0.00226196 0.246682 0.00293952 0.275535 0.0107337 0.121195 0.120912

Ground truth:
0 0 0 0 1 0 0 0 0 0
0 0 0 0 0 0 1 0 0 0
0 0 0 0 0 0 0 1 0 0
0 0 0 0 0 0 0 0 0 1
0 0 1 0 0 0 0 0 0 0
0 0 0 1 0 0 0 0 0 0
0 0 0 0 1 0 0 0 0 0
0 0 0 0 0 1 0 0 0 0
0 0 0 0 0 0 0 1 0 0
0 0 1 0 0 0 0 0 0 0

                                            Loss 0.380979
--------------------------------------------End of Epoch :(------------------------------------------------
-----------------------------------------------Epoch 2700--------------------------------------------------
Predictions:
0.000341591 0.000523251 0.0124008 0.568961 7.17738e-05 0.10984 0.000223713 0.00472013 0.302025 0.000892723
0.748531 5.81543e-07 0.00309717 0.0469924 0.000149279 0.188472 0.00199216 0.000263225 0.0103509 0.000150634
0.000405125 1.35345e-09 3.69119e-07 0.000201179 0.00432481 0.0103271 1.94374e-06 0.912207 0.00215176 0.0703805
0.00212246 0.000317297 0.131539 0.257559 0.000370899 0.167484 0.0141553 0.00018483 0.425745 0.000521955
1.77507e-06 0.938247 0.0149806 0.0113314 0.000478456 0.000782887 0.000752311 0.00196393 0.0293638 0.00209813
0.0212501 6.9945e-11 0.0253104 4.66673e-06 0.00254365 0.00095777 0.949512 1.89504e-07 0.000405192 1.59975e-05
0.000699902 2.97284e-09 0.0186365 7.7917e-06 0.220972 0.00147643 0.74639 0.00012057 0.00571582 0.00598113
0.00756786 1.02788e-06 0.00160548 0.00786689 0.181906 0.205677 0.00846611 0.120945 0.194687 0.271277
9.09735e-06 0.0419587 0.627896 0.0101785 0.00339353 0.00362895 0.106347 0.000134676 0.204667 0.00178619
0.00079962 7.92349e-06 0.00211118 0.664302 3.76557e-06 0.192876 3.79388e-05 0.000141889 0.139676 4.38142e-05

Ground truth:
0 0 0 1 0 0 0 0 0 0
1 0 0 0 0 0 0 0 0 0
0 0 0 0 0 0 0 1 0 0
0 0 0 0 0 0 0 0 1 0
0 1 0 0 0 0 0 0 0 0
0 0 0 0 0 0 1 0 0 0
0 0 0 0 0 0 1 0 0 0
0 0 0 0 0 1 0 0 0 0
0 0 0 0 0 0 1 0 0 0
0 0 0 1 0 0 0 0 0 0

                                            Loss 0.297865
--------------------------------------------End of Epoch :(------------------------------------------------
-----------------------------------------------Epoch 2800--------------------------------------------------
Predictions:
